0 1 0.0005439124897380203
1 -1 2.050536974874926
2 -1 2.0892423814322254
3 1 0.0003412540877460825
4 1 0.0008462868357078674
5 -1 2.0843959044630713
6 -1 2.1127413945960543
7 1 0.03620295346912494
8 1 0.001987149736722595
9 -1 2.073697896818677
10 -1 2.082880192071262
11 1 0.004030751227443304
12 -1 1.439995132863324
13 -1 1.4431935637217834
14 -1 1.5379137718733282
15 -1 1.5324842366475953
16 -1 1.3784025605146968
17 -1 1.3782569424628783
22 -1 1.8892879568040564
23 -1 1.8894933484310916
26 -1 1.6127820369622143
27 -1 1.6454886321893452
30 -1 1.7323788425485758
31 -1 1.733035745251017
35 -1 1.8483981572396566
38 -1 1.8023944600447124
39 -1 1.801787340767346
40 -1 1.570424813134635
41 -1 1.7561848979099786