19 42
0 1 0.000000000000 0.000000000000
1 -1 0.000000000000 1.000000000000
2 -1 -0.866025403784 0.500000000000
3 -1 -0.866025403784 -0.500000000000
4 -1 0.000000000000 -1.000000000000
5 -1 0.866025403784 -0.500000000000
6 -1 0.866025403784 0.500000000000
7 2 0.000000000000 0.666666666667
8 2 -0.288675134595 0.166666666667
9 2 -0.577350269190 -0.333333333333
10 2 0.000000000000 -0.333333333333
11 2 0.577350269190 -0.333333333333
12 2 0.288675134595 0.166666666667
13 -1 -0.577350269190 0.666666666667
14 -1 0.577350269190 0.666666666667
15 -1 -0.866025403784 0.166666666667
16 -1 -0.288675134595 -0.833333333333
17 -1 0.288675134595 -0.833333333333
18 -1 0.866025403784 0.166666666667
0 1 0 7 0 5
1 2 1 7 17 12
2 2 0 8 4 5
3 1 2 8 22 23
4 1 0 9 4 3
5 2 3 9 15 16
6 2 0 10 2 3
7 1 4 10 21 20
8 1 0 11 1 2
9 2 5 11 13 14
10 2 0 12 0 1
11 1 6 12 18 19
12 2 7 8 5 11
13 2 8 9 4 10
14 2 9 10 3 9
15 2 10 11 2 8
16 2 11 12 1 7
17 2 12 7 0 6
18 1 1 13  17 -1
19 2 2 13 23 -1
20 1 1 14  12 -1
21 2 6 14 18 -1
22 2 13 7 11 17
23 2 7 14 6 12
24 2 2 15 22 -1
25 1 3 15  16 -1
26 2 15 8 10 22
27 2 8 13 23 11
28 1 3 16  15 -1
29 2 4 16 21 -1
30 2 16 9 9 15
31 2 9 15 10 16
32 2 4 17 20 -1
33 1 5 17 14 -1
34 2 10 16 9 21
35 2 17 10 8 20
36 1 5 18 13 -1
37 2 6 18 19 -1
38 2 18 11 7 13
39 2 11 17 8 14
40 2 14 12 6 18
41 2 12 18 7 19
