0.000625
0 1 1.7318576725920078
1 -1 2.79161487978726
2 -1 2.754315532984476
3 1 1.6430724934017993
4 1 1.7270033833544602
5 -1 2.79648638579527
6 -1 2.7400958411211835
7 1 1.582387967747194
8 1 1.720795907878088
9 -1 2.7734166170458927
10 -1 2.7464271297132252
11 1 1.570812466336302
12 -1 2.2458281200422494
13 -1 2.3227215811532305
14 -1 2.16093287441233
15 -1 2.273880105150018
16 -1 2.165418439387234
17 -1 2.229123709359651
18 1 1.4779024745422449
19 -1 2.2883128771328587
20 -1 2.7136969223651684
21 1 1.5235911267936366
22 1 1.6306074924663279
23 -1 2.7250299038655807
24 1 1.5378242563082511
25 -1 2.7425211278561634
26 -1 2.577860807077278
27 1 1.55819326856552
28 -1 2.2341811815812775
29 -1 2.0090030116636193
30 -1 2.306782829938635
31 -1 2.313246060077879
32 -1 1.9974770965568207
33 -1 1.4096128050528935
34 1 1.5036226950514444
35 -1 2.3844221960189946
36 -1 2.589145690835035
37 1 1.5642146562724404
38 1 1.548157962336549
39 -1 2.6215039441663004
40 -1 2.7833260776492077
41 1 1.598077557658246
42 -1 1.4027909024122212
43 -1 1.9911397224155332
44 -1 2.111531536117548
45 -1 2.080965124560981
46 -1 2.2873494854793464
47 -1 2.3983017990629847
48 -1 2.652393022981216
49 1 1.5390700092415224
50 1 1.4816361992844063
51 -1 2.3753466647694377
52 -1 2.6391539769573766
53 1 1.5557910781292676
54 1 1.5891218736509833
55 -1 2.682439781014673
56 -1 2.159881499586011
57 -1 2.4305331244249624
58 -1 1.346490953432287
59 -1 1.9237813012503684
60 -1 2.305383666592495
61 -1 2.2428992961874097
62 1 1.4666287400243627
63 -1 2.7638584440606606
64 -1 2.607595797319385
65 1 1.5928963110233734
66 1 1.5305666676691354
67 -1 2.7877889692385436
68 -1 2.768959818853555
69 1 1.5616403234227134
70 -1 2.316608794946139
71 -1 2.4561353047452226
72 -1 2.0682558714225063
73 -1 2.488896913431797
74 -1 2.1065468469078095
75 -1 2.0048041001124983
76 1 1.5802331027582615
77 -1 2.685600144145386
78 -1 2.635362659630243
79 1 1.5613552805888002
80 1 1.4792045784216346
81 -1 1.6452646003103164
82 -1 2.6626694661918413
83 1 1.5568378035269583
84 -1 2.3704679676505584
85 -1 2.3286708840289805
86 -1 2.044712954680695
87 -1 1.534723560005102
88 -1 1.3307875295364284
89 -1 1.868327793584233
90 1 1.535370263145764
91 -1 2.7871048616866876
92 1 1.493482602315333
93 -1 2.779447996538335
94 -1 2.635377104798614
95 1 1.5796485504006745
96 -1 2.1843408563101896
97 -1 2.072297618074421
98 -1 2.2487309224735257
99 -1 2.430749248995437
100 -1 2.0871162019703853
101 -1 2.4546864817134453
106 -1 2.5970668537068415
107 -1 2.8935770163321486
110 -1 2.813407987945679
111 -1 2.4616371374710835
112 -1 1.8185638076372304
115 -1 3.141286063829824
116 -1 1.3297068291712584
117 -1 1.2348141706257203
120 -1 1.3373700588841055
121 -1 3.141467719109311
124 -1 1.7108145759335986
125 -1 2.478772789670202
126 -1 2.522646608534734
129 -1 2.825680485767929
130 -1 2.456528584362969
133 -1 3.1414264829259206
134 -1 1.4880428973978002
135 -1 1.3559547477455098
138 -1 2.7020273848710934
139 -1 1.5124216453845354
142 -1 1.4566796538625044
143 -1 1.3231234519256643
144 -1 2.9809339060458835
147 -1 3.141500548520382
148 -1 3.062111868982936
151 -1 1.5589892670478367
152 -1 1.4405018162755376
153 -1 3.080537706834724
154 -1 1.593975214411533
155 -1 2.63071731581649
0.35070126408950486
