0.000625
0 1 0.0013143032465610393
1 -1 2.093934678630119
2 -1 2.094628547681154
3 1 0.0014802591677327327
4 1 0.0013454457131264522
5 -1 2.093635255262269
6 -1 2.0953405753143004
7 1 0.0027074478517395565
8 1 0.0011861397706611537
9 -1 2.093963784478769
10 -1 2.0951375267198196
11 1 0.002238612548361089
12 -1 1.5400429324045253
13 -1 1.5399981750409755
14 -1 1.5419541138086776
15 -1 1.5419643942909727
16 -1 1.5472139863531051
17 -1 1.5472485508506713
18 1 0.00015003246649408588
19 -1 2.0874472923556073
20 -1 2.0954143346543876
21 1 0.006145442418819606
22 1 0.0021982414874874784
23 -1 2.095520133331873
24 1 0.0024728000561033015
25 -1 2.0958682807611195
26 -1 2.0962452951860886
27 1 0.007192722227601139
28 -1 1.4990193128656402
29 -1 1.4960695506988333
30 -1 1.6247890213139577
31 -1 1.624789075399006
32 -1 1.5001430063259766
33 -1 1.5030745927290554
34 1 0.00012553143887172034
35 -1 2.092100570735105
36 -1 2.09302165222529
37 1 0.006126827927616199
38 1 0.00021878326245084457
39 -1 2.0912839912363874
40 -1 2.095555985394659
41 1 0.0016614686032409914
42 -1 1.4696970703620835
43 -1 1.4691414901305946
44 -1 1.5819337974959347
45 -1 1.580899635585595
46 -1 1.5907883226265154
47 -1 1.5923925767238496
48 -1 2.0958763797729647
49 1 0.006526294245123619
50 1 0.00013830445483706456
51 -1 2.0871733853607344
52 -1 2.0953989700382984
53 1 0.006294997611996839
54 1 0.0016527403124751228
55 -1 2.095433575588879
56 -1 1.5003937035729003
57 -1 1.503597102093087
58 -1 1.4973211167560527
59 -1 1.4948328939367224
60 -1 1.6302343145069016
61 -1 1.6303163573224293
62 1 5.5542366846025824e-05
63 -1 2.091142505473038
64 -1 2.0935246068229056
65 1 0.008614865454897765
66 1 7.504767870557281e-05
67 -1 2.091101438536949
68 -1 2.095647004682231
69 1 0.0018831020269139656
70 -1 1.5864308752363083
71 -1 1.587384549938715
72 -1 1.4643202458573117
73 -1 1.4634040124225327
74 -1 1.5852534386600579
75 -1 1.5842262546722756
76 1 0.001712017393181496
77 -1 2.0955794169906197
78 -1 2.0956022398763903
79 1 0.005646160933479931
80 1 0.0002666473028672299
81 -1 2.0892449798493518
82 -1 2.0955490570011532
83 1 0.004820374673753422
84 -1 1.6229917630897213
85 -1 1.6229445030090315
86 -1 1.5044658258369292
87 -1 1.507297552376807
88 -1 1.513945060683607
89 -1 1.511056724880457
90 1 0.0001430903113211784
91 -1 2.0917248941583924
92 1 0.00013168843443471688
93 -1 2.0911682581561957
94 -1 2.092994867972127
95 1 0.005735068006685935
96 -1 1.588409231645657
97 -1 1.5872987996601373
98 -1 1.577541425083914
99 -1 1.5785825009484544
100 -1 1.4710970579646958
101 -1 1.4711640761359495
106 -1 1.7116786968371778
107 -1 1.7114086116254996
110 -1 1.6509080558058082
111 -1 1.648918924610073
112 -1 1.5661895683074645
115 -1 1.5611180980902113
116 -1 1.6516877435852388
117 -1 1.6534841590132707
120 -1 1.7188094356989543
121 -1 1.5250578200374167
124 -1 1.552006447337725
125 -1 1.6600759803850618
126 -1 1.662126405138504
129 -1 1.7128294169520122
130 -1 1.7126511999102307
133 -1 1.5580063808433875
134 -1 1.661079218953476
135 -1 1.659811349639563
138 -1 1.5272537238769857
139 -1 1.7231781248633975
142 -1 1.662828167199454
143 -1 1.6646724336668448
144 -1 1.5447056355772588
147 -1 1.6928148143089556
148 -1 1.692886564468645
151 -1 1.6633854170314475
152 -1 1.6616593632179282
153 -1 1.5383772550169048
154 -1 1.5577305805926482
155 -1 1.6836071484757853
0.07062498142693444