0.00015625
0 1 0.001981477387482202
1 -1 2.0946537278079598
2 -1 2.0957166136404313
3 1 0.0032098452746286052
4 1 0.002017759018471111
5 -1 2.0938413091862795
6 -1 2.095022930546657
7 1 0.002225990898861426
8 1 0.0020276786670933504
9 -1 2.094245328415235
10 -1 2.095456354520258
11 1 0.0026189183245174845
12 -1 1.545500403459514
13 -1 1.5455485197074446
14 -1 1.5364017306062123
15 -1 1.5363521808558254
16 -1 1.5516039656776761
17 -1 1.5515317340872803
18 1 1.4651721608396932e-05
19 -1 2.088502494331715
20 -1 2.0961480161747117
21 1 0.005645743015394754
22 1 0.002171316884983894
23 -1 2.0958102910129073
24 1 0.0027313114087064157
25 -1 2.095593650800658
26 -1 2.094840526291451
27 1 0.005131087608374844
28 -1 1.518060030482768
29 -1 1.5138486820593107
30 -1 1.6157788389774912
31 -1 1.6158016141979736
32 -1 1.4906689840270435
33 -1 1.4944184322876999
34 1 0.0006588667053319413
35 -1 2.0940369530424228
36 -1 2.0936684092997715
37 1 0.0017109424730839108
38 1 0.0006753250405752079
39 -1 2.094146878466261
40 -1 2.0959780602415075
41 1 0.002418659501668299
42 -1 1.5106657320686125
43 -1 1.510649279679796
44 -1 1.5863425239800153
45 -1 1.585156944320698
46 -1 1.5824068631326136
47 -1 1.5834703633106486
48 -1 2.0960673110598664
49 1 0.007329484775603658
50 1 1.2524104642628632e-05
51 -1 2.0871623335870666
52 -1 2.095791773205899
53 1 0.00697716781351919
54 1 0.0026030249153091607
55 -1 2.095972526414042
56 -1 1.4962282953615078
57 -1 1.5001188346497296
58 -1 1.5038139943201565
59 -1 1.499628744425211
60 -1 1.6308685933047884
61 -1 1.6308004932057185
62 1 2.8063665888947357e-05
63 -1 2.0901906367262995
64 -1 2.092951772093485
65 1 0.008172800646015704
66 1 0.00018104682021403385
67 -1 2.0912596305779565
68 -1 2.0954791100528194
69 1 0.0018928576560049092
70 -1 1.5818890880742833
71 -1 1.5830666795315893
72 -1 1.4575522573840927
73 -1 1.4567243635471525
74 -1 1.5949897520198426
75 -1 1.5939766792268462
76 1 0.0017071074051818837
77 -1 2.0955728121027297
78 -1 2.0950415248723404
79 1 0.005568349464323511
80 1 9.092414443565855e-05
81 -1 2.0903522807370503
82 -1 2.095742930280567
83 1 0.0035623974776463753
84 -1 1.62489621621856
85 -1 1.6248926556518344
86 -1 1.4928865563591902
87 -1 1.4958022601485323
88 -1 1.5355501424003903
89 -1 1.531630255803339
90 1 3.8339735061730996e-07
91 -1 2.093773783287006
92 1 5.308852113911159e-05
93 -1 2.0903722347875315
94 -1 2.093356020725106
95 1 0.0042086652975351305
96 -1 1.60704401498946
97 -1 1.6059616892254132
98 -1 1.5551366032857497
99 -1 1.5560052207243251
100 -1 1.487560317323454
101 -1 1.487607906345436
106 -1 1.7016805935920247
107 -1 1.701632424000693
110 -1 1.6192496879666098
111 -1 1.6178285141511857
112 -1 1.5785152525834218
115 -1 1.6032711552005074
116 -1 1.616661540703652
117 -1 1.6183676787744303
120 -1 1.5845274662282092
121 -1 1.613617396878742
124 -1 1.6010118855104942
125 -1 1.6146552629183133
126 -1 1.61650803490473
129 -1 1.710041138562208
130 -1 1.709667917860334
133 -1 1.5415291318759194
134 -1 1.6721464461138984
135 -1 1.6703544934194443
138 -1 1.507002022169531
139 -1 1.7506395056718416
142 -1 1.6595194668975155
143 -1 1.6612219639910648
144 -1 1.5593001522621335
147 -1 1.682643030969627
148 -1 1.6827743695963355
151 -1 1.669614145175419
152 -1 1.6678934751696919
153 -1 1.5099112127674779
154 -1 1.6160696663899554
155 -1 1.6069562322034903
0.08385192939537212
