0.0025
0 1 0.00011693865194271887
1 -1 2.0914287761822528
2 -1 2.094048572822486
3 1 0.0012823940112113492
4 1 0.0001969012294256885
5 -1 2.090821473616676
6 -1 2.0938633207885022
7 1 0.000729921407964463
8 1 5.4436872643384906e-05
9 -1 2.091408582477864
10 -1 2.095457486967738
11 1 0.003643939885642346
12 -1 1.523251300552894
13 -1 1.5232689806927362
14 -1 1.5238844217520338
15 -1 1.5239925647020756
16 -1 1.5323935139869735
17 -1 1.532478349163079
18 1 0.0010588386485079063
19 -1 2.0799469229401515
20 -1 2.097111254466263
21 1 0.014824704823948834
22 1 0.00189229695030052
23 -1 2.0952417145715634
24 1 0.0016140372926842464
25 -1 2.095359581987668
26 -1 2.0969260687930986
27 1 0.011466381817003709
28 -1 1.4625895648240177
29 -1 1.4616362205017095
30 -1 1.655389386798049
31 -1 1.6552790217999378
32 -1 1.480221758089267
33 -1 1.4814384102609428
34 1 0.0010379176722677829
35 -1 2.090391307508136
36 -1 2.094525791166425
37 1 0.01597009407313212
38 1 0.0009274097927978602
39 -1 2.089858585674858
40 -1 2.095040561879169
41 1 0.0014002296916189394
42 -1 1.4375436366295407
43 -1 1.435810795665044
44 -1 1.5949225948788446
45 -1 1.5936780757751372
46 -1 1.594747193063463
47 -1 1.5959559873662434
48 -1 2.0958185358978136
49 1 0.013874646462872344
50 1 0.0007181392340608477
51 -1 2.074139539882813
52 -1 2.098330935178103
53 1 0.01781337343539387
54 1 0.0014551408108634293
55 -1 2.0951216092822933
56 -1 1.4534369993827938
57 -1 1.4544151343077962
58 -1 1.4614798116058927
59 -1 1.4606867620170838
60 -1 1.6638170123589382
61 -1 1.6638723083269649
62 1 0.000553522820638257
63 -1 2.0915215681278205
64 -1 2.09440046316094
65 1 0.010906691701551703
66 1 0.0006307241128111983
67 -1 2.0923985908736187
68 -1 2.0946197653700223
69 1 0.0008240179752360342
70 -1 1.586719579733205
71 -1 1.5879843350477998
72 -1 1.4607673831924628
73 -1 1.4597788023686757
74 -1 1.6015257168102734
75 -1 1.600507981419432
76 1 0.0004571046297756514
77 -1 2.09424960787734
78 -1 2.0966853089652338
79 1 0.015560412272975138
80 1 6.167258853240693e-05
81 -1 2.072224538923347
82 -1 2.0957626239633544
83 1 0.014438259822764461
84 -1 1.6542404802362116
85 -1 1.6543798575006994
86 -1 1.4559515766347153
87 -1 1.4563249791669792
88 -1 1.4510041986036357
89 -1 1.450578535880322
90 1 0.0035973187942761006
91 -1 2.093890846661665
92 1 0.0034472836160259063
93 -1 2.095488417574016
94 -1 2.09891349856177
95 1 0.0156501562946631
96 -1 1.5770079009161846
97 -1 1.5757506911345118
98 -1 1.6053733634564158
99 -1 1.6065992677624967
100 -1 1.4846502991503912
101 -1 1.485104094183464
106 -1 1.7686156673348419
107 -1 1.7686488232275834
110 -1 1.679954109873273
111 -1 1.678463325498715
112 -1 1.5811584961445173
115 -1 1.5857013413698906
116 -1 1.6520767010149895
117 -1 1.65380762963346
120 -1 1.8050913960698365
121 -1 1.480572143437498
124 -1 1.5859594718569097
125 -1 1.6810358513577046
126 -1 1.6823952177460257
129 -1 1.7954601918077695
130 -1 1.7953616058430728
133 -1 1.600364401572412
134 -1 1.6643396249859022
135 -1 1.662606164594601
138 -1 1.4716425503205088
139 -1 1.7863873482416583
142 -1 1.6502828431704084
143 -1 1.6519884118264525
144 -1 1.616053334343912
147 -1 1.803339794075343
148 -1 1.8035218090850504
151 -1 1.6242973406983587
152 -1 1.6225147329772043
153 -1 1.6476902596983387
154 -1 1.6039546620277552
155 -1 1.6332089410365904
0.03618574263941662
